    unsorted:	 125.8878117 125.8878117 125.8878117 125.8878117 125.8878117 125.8878117 125.8878117 125.8878117 125.8878117 125.8878117 125.8878117 125.8878117 125.8878117 0.004930708491 0.005205849974 0.007483601667 0.008627770081 0.02355761372 0.03578518631 0.03251471774 0.05942932519 0.06441618352 0.2474440416 167.5033412 163.8958823 165.1260598 169.1853553 160.5697902 159.9425226 156.9151535 173.8658049 177.1270912 183.6064128 189.4812584 187.2614488 190.7100729 192.2586486 193.3510855 146.1815649 143.7921288 199.6321601 125.5056532 131.6048814 120.7408370 117.1254595 112.9030237 110.9396609 209.2263635 213.4596748 216.5221901 102.7117131 101.1771213 220.6757929 94.16772105 235.2820482 6.095828460 248.5859960 255.0175466 59.90464496 11.98677451 270.2216917 277.7708273 293.3878630 309.1156822 331.0003061 343.1485399 375.6770759 427.7634340 445.0444197 493.6750593 509.9565602 659.2785526 672.8685322 716.5946329 876.6702631 1114.813899 1441.995057 1653.470491 1998.387898 2130.705367 2368.837642 3008.852235 26014.61598 25967.81492 43129.52185 59090.94051 418975.9047
      sorted:	 0.004930708491 0.005205849974 0.007483601667 0.008627770081 0.02355761372 0.03251471774 0.03578518631 0.05942932519 0.06441618352 0.2474440416 6.095828460 11.98677451 59.90464496 94.16772105 101.1771213 102.7117131 110.9396609 112.9030237 117.1254595 120.7408370 125.5056532 125.8878117 125.8878117 125.8878117 125.8878117 125.8878117 125.8878117 125.8878117 125.8878117 125.8878117 125.8878117 125.8878117 125.8878117 125.8878117 131.6048814 143.7921288 146.1815649 156.9151535 159.9425226 160.5697902 163.8958823 165.1260598 167.5033412 169.1853553 173.8658049 177.1270912 183.6064128 187.2614488 189.4812584 190.7100729 192.2586486 193.3510855 199.6321601 209.2263635 213.4596748 216.5221901 220.6757929 235.2820482 248.5859960 255.0175466 270.2216917 277.7708273 293.3878630 309.1156822 331.0003061 343.1485399 375.6770759 427.7634340 445.0444197 493.6750593 509.9565602 659.2785526 672.8685322 716.5946329 876.6702631 1114.813899 1441.995057 1653.470491 1998.387898 2130.705367 2368.837642 3008.852235 25967.81492 26014.61598 43129.52185 59090.94051 418975.9047
